0,310
0,305
0,308
0,307
0,302
0,304
0,303
0,12
0,10
0,8
0,0
0,564
0,419
0,300
0,563
0,418
0,299
0,555
0,417
0,298
0,554
0,416
0,297
0,556
0,415
0,296
0,552
0,414
0,295
0,551
0,413
0,294
0,553
0,412
0,293
0,549
0,411
0,292
0,548
0,410
0,291
0,550
0,409
0,290
0,546
0,407
0,289
0,545
0,406
0,288
0,547
0,405
0,287
0,543
0,404
0,286
0,542
0,403
0,285
0,544
0,402
0,284
0,540
0,401
0,283
0,539
0,400
0,282
0,541
0,399
0,281
0,537
0,398
0,280
0,536
0,397
0,279
0,538
0,396
0,278
0,534
0,395
0,277
0,533
0,394
0,276
0,535
0,393
0,275
0,531
0,392
0,274
0,530
0,391
0,273
0,532
0,390
0,272
0,528
0,389
0,271
0,527
0,388
0,270
0,529
0,387
0,269
0,526
0,386
0,268
0,525
0,385
0,267
0,490
0,384
0,266
0,489
0,383
0,265
0,488
0,382
0,264
0,487
0,381
0,263
0,523
0,380
0,262
0,522
0,379
0,261
0,524
0,378
0,260
0,520
0,377
0,259
0,519
0,376
0,258
0,521
0,375
0,257
0,517
0,374
0,256
0,516
0,373
0,255
0,518
0,372
0,254
0,514
0,371
0,253
0,513
0,370
0,252
0,515
0,369
0,251
0,512
0,368
0,250
0,511
0,473
0,249
0,471
0,367
0,248
0,472
0,366
0,247
0,486
0,365
0,246
0,510
0,364
0,245
0,508
0,470
0,244
0,507
0,485
0,242
0,509
0,363
0,241
0,506
0,362
0,240
0,469
0,361
0,239
29,1
29,2
30,0
30,3
31,0
31,3
32,0
32,2
32,3
32,5
33,0
33,1
34,0
34,1
35,0
35,3
35,4
36,1
36,3
37,1
37,3
39,1
40,0
40,1
41,0
41,1
41,3
42,1
42,3
43,1
43,3
44,1
46,0
46,1
47,0
47,1
50,0
50,1
50,4
53,0
53,1
53,4
54,0
54,2
78,0
78,1
78,3
78,4
80,1
80,2
80,4
80,3
80,0
78,2
54,3
54,1
53,3
50,5
50,3
47,3
46,3
44,3
44,0
43,0
42,0
41,2
40,3
39,3
39,0
37,0
36,0
35,1
34,3
33,3
32,6
32,4
32,1
31,1
30,1
29,3
29,0
3,3
3,1
3,0
2,3
2,1
2,0
1,3
1,1
1,0
0,494
0,9
0,468
0,360
0,238
0,500
0,359
0,237
0,499
0,358
0,236
0,467
0,357
0,235
0,466
0,356
0,234
0,562
0,355
0,233
0,464
0,354
0,232
0,463
0,353
0,231
0,465
0,352
0,230
0,462
0,461
0,229
0,460
0,351
0,228
0,459
0,350
0,227
0,458
0,349
0,226
0,457
0,348
0,225
0,456
0,455
0,224
0,557
0,484
0,223
0,498
0,347
0,222
0,454
0,346
0,221
0,453
0,345
0,220
0,505
0,344
0,219
0,483
0,451
0,218
0,482
0,450
0,217
0,452
0,343
0,216
0,449
0,342
0,215
0,481
0,341
0,214
0,448
0,340
0,213
0,447
0,446
0,212
0,445
0,444
0,211
0,443
0,339
0,210
0,497
0,338
0,209
0,504
0,337
0,208
0,442
0,336
0,207
0,441
0,335
0,206
0,496
0,334
0,205
0,503
0,440
0,204
0,495
0,333
0,203
0,439
0,332
0,202
0,438
0,331
0,201
0,436
0,330
0,200
0,480
0,435
0,199
0,479
0,437
0,198
0,434
0,329
0,197
0,478
0,328
0,196
0,433
0,327
0,195
0,432
0,326
0,194
0,431
0,430
0,193
0,429
0,428
0,192
0,501
0,325
0,63
0,493
0,324
0,62
0,492
0,323
0,61
0,491
0,321
0,60
0,502
0,477
0,59
0,427
0,320
0,58
0,476
0,319
0,57
0,475
0,318
0,56
0,426
0,317
0,55
0,474
0,425
0,54
0,424
0,423
0,53
0,422
0,316
0,52
0,421
0,315
0,51
0,420
0,314
0,50
0,561
0,313
0,49
0,560
0,312
0,48
0,559
0,311
0,47
0,558
0,309
0,46
0,565
0,306
0,45
0,566
0,301
0,6
0,5
0,1
0,11
0,4
0,2
0,3
0,7
